1908,35
1857,5
1857,4
1857,3
1857,2
1857,1
1723,4
1723,3
1723,2
1723,1
1658,4
1658,3
1658,2
1658,1
775,4
775,3
775,2
775,1
218,3
218,2
218,1
197,3
197,1
20,2
12,3
20,1
12,2
20,3
12,1
11,3
11,2
11,1
19,2
10,3
19,1
10,2
19,3
10,1
9,3
9,2
9,1
8,3
8,2
8,1
5,3
5,2
5,1
4,84
4,71
4,65
4,40
4,39
4,38
18,1
18,3
4,34
4,30
14,1
4,14
14,3
4,4
13,1
4,1
13,3
3,3
3,2
3,1
2,2
0,410
2,1
0,278
2,3
0,273
0,270
0,9
0,0
1908,34
1908,33
1908,32
1908,31
1908,30
1908,29
1908,28
1908,27
1908,26
1908,25
1908,24
1908,23
1908,22
1908,21
1908,20
1908,19
1908,18
1908,17
1908,16
1908,15
1908,14
1908,13
1908,12
1908,11
